1.0 0.9625610264023087
2.0 0.9179271906511379
3.0 0.8891591151047946
4.0 0.8703589308642696
5.0 0.8557207468958883
6.0 0.8436625339712551
7.0 0.8346173329998042
8.0 0.826817559421619
9.0 0.818279027399101
10.0 0.8104160485961881
11.0 0.8034647278376055
12.0 0.794753266320984
13.0 0.7871039969333126
14.0 0.7806250356576181
15.0 0.7730909113238524
16.0 0.7658577166871372
17.0 0.7606535521762892
18.0 0.7561816014631412
19.0 0.751044708627116
20.0 0.7466230441362668
21.0 0.7416634263527487
22.0 0.7368446086609953
23.0 0.7310849789745075
24.0 0.72416389710115
25.0 0.718499132910537
26.0 0.7136441830889092
27.0 0.7058483809687611
28.0 0.699116383717494
29.0 0.6936255451165309
30.0 0.6872241635051892
31.0 0.6802151761814625
32.0 0.6718812088797308
33.0 0.663559205400586
34.0 0.6553123512625789
35.0 0.6465947433707134
36.0 0.6375094786642275
37.0 0.627951635486488
38.0 0.619673746722933
39.0 0.6117644996355742
40.0 0.604438403798684
41.0 0.5960013840597784
42.0 0.5850274850564323
43.0 0.573886678311014
44.0 0.5648840615287875
45.0 0.5595482286281146
46.0 0.5544755274285256
47.0 0.5479030716328301
48.0 0.5381361256383977
49.0 0.5267489166158204
50.0 0.5160353099447196
51.0 0.5065918168293126
52.0 0.4960080450701305
53.0 0.48473855144331707
54.0 0.4743948485861278
55.0 0.46198855973000597
56.0 0.4484367479172982
57.0 0.43398014806968294
58.0 0.4220680780453113
59.0 0.4137958277844942
60.0 0.4062351838446323
61.0 0.3969916307889183
62.0 0.3841391830933901
63.0 0.3691758274668261
64.0 0.3553207471535176
65.0 0.34043423213039603
66.0 0.32621500358642774
67.0 0.3133068035196689
68.0 0.3015585177512729
69.0 0.2908332883806608
70.0 0.27900057673804934
71.0 0.26592307201232196
72.0 0.25251704533183367
73.0 0.23973139789402675
74.0 0.22702369567223915
75.0 0.2131605078363118
76.0 0.19878690510821956
77.0 0.18600651968206347
78.0 0.17267907778525465
79.0 0.1581185487376688
80.0 0.14410354942571427
81.0 0.13199515871743783
82.0 0.1205159825882729
83.0 0.10677883702303131
84.0 0.094187343204487
85.0 0.08264700335753941
86.0 0.07030774355864375
87.0 0.057158614721922414
88.0 0.04402103984265838
89.0 0.03082802831485745
90.0 0.018135038757742646
91.0 0.006492298179539382
92.0 -0.0055993074617202675
93.0 -0.020345617055981053
94.0 -0.035742003015500845
95.0 -0.05087505924349566
96.0 -0.06564663086883178
97.0 -0.07896953652297678
98.0 -0.09091134236263099
99.0 -0.10151768377548394
100.0 -0.11365666725956265
101.0 -0.12742115052654074
102.0 -0.14262363073571505
103.0 -0.15795889853415215
104.0 -0.17317564689769482
105.0 -0.18857204472591452
106.0 -0.20426304934935674
107.0 -0.2182002604399087
108.0 -0.23428416183377865
109.0 -0.2516287145849713
110.0 -0.26700183683181905
111.0 -0.2815635738523498
112.0 -0.29639986881043895
113.0 -0.31266207235505694
114.0 -0.32873321184987864
115.0 -0.3443654131972098
116.0 -0.358944329641473
117.0 -0.3732031906966226
118.0 -0.3846125100546564
119.0 -0.39560218591162
120.0 -0.40809840974977585
121.0 -0.4187445873699185
122.0 -0.4308396574378153
123.0 -0.44486040627419415
124.0 -0.45994809328667713
125.0 -0.47427641473126997
126.0 -0.4846239270075714
127.0 -0.49221823736494913
128.0 -0.5004072726450752
129.0 -0.509771580007162
130.0 -0.5198595963157502
131.0 -0.5323035796775102
132.0 -0.5444458634283915
133.0 -0.5563868416576182
134.0 -0.5698417366028069
135.0 -0.5812573158103237
136.0 -0.5914361752336366
137.0 -0.5995168607458005
138.0 -0.6070285927165886
139.0 -0.6159303114564874
140.0 -0.6249099199958212
141.0 -0.6350299324482043
142.0 -0.6452289559203489
143.0 -0.653587696662368
144.0 -0.6606222833854377
145.0 -0.6692514867909435
146.0 -0.6800517199236518
147.0 -0.6927068403005646
148.0 -0.7051663102948079
149.0 -0.7144806470764836
150.0 -0.7218892186290751
151.0 -0.7291908272536718
152.0 -0.7373330237714971
153.0 -0.7445710050191889
154.0 -0.7513503988856028
155.0 -0.7554974313776647
156.0 -0.7602194522228147
157.0 -0.7652462017625421
158.0 -0.771447167313171
159.0 -0.7770221632080458
160.0 -0.78297120210965
161.0 -0.7877541404676714
162.0 -0.7911139173899596
163.0 -0.7952925610555306
164.0 -0.8002657571900281
165.0 -0.8045558640663366
166.0 -0.8073338223066301
167.0 -0.8100459517282365
168.0 -0.8138314949844248
169.0 -0.8173006547923448
170.0 -0.8206314292276755
171.0 -0.8266591346540213
172.0 -0.8337401922076404
173.0 -0.8383235865616299
174.0 -0.8388389024258107
175.0 -0.8375807682082371
176.0 -0.8381871260950938
177.0 -0.8385573440533325
178.0 -0.8363035704513889
179.0 -0.8366201440539918
180.0 -0.8387073818961525
181.0 -0.8403337122603391
182.0 -0.8401034675795473
183.0 -0.8410045189839548
184.0 -0.8421307348782082
185.0 -0.8406563066766796
186.0 -0.8372922724991685
187.0 -0.8345993202487961
188.0 -0.833303611476257
189.0 -0.830291917139339
190.0 -0.8278733558796741
191.0 -0.826038968680586
192.0 -0.8235449349038283
193.0 -0.8213838859308046
194.0 -0.8195233706587984
195.0 -0.8170677144198532
196.0 -0.8133071798956404
197.0 -0.8099275702678644
198.0 -0.8083288539061553
199.0 -0.8069011198427851
200.0 -0.8048206840222417
201.0 -0.8021220951764442
202.0 -0.7990729338455663
203.0 -0.7950269356198673
204.0 -0.7904220067001447
205.0 -0.7850546492830264
206.0 -0.7777815885646623
207.0 -0.7705495197060235
208.0 -0.765060413867399
209.0 -0.7597558904850891
210.0 -0.7542519839160616
211.0 -0.7474986237128228
212.0 -0.7393222101393223
213.0 -0.7317571796910495
214.0 -0.7240225325247933
215.0 -0.7161662026604234
216.0 -0.7070623139280223
217.0 -0.6970758786997733
218.0 -0.6905515518306518
219.0 -0.68781552149826
220.0 -0.6837481637640341
221.0 -0.677492913495527
222.0 -0.6695842824624781
223.0 -0.6638829843014004
224.0 -0.6581867214528457
225.0 -0.6489527079210231
226.0 -0.6366236245280227
227.0 -0.6241235586723501
228.0 -0.6133768774189247
229.0 -0.6015144023015935
230.0 -0.5888600164290887
231.0 -0.5785498831649005
232.0 -0.5668765041437952
233.0 -0.5573622360853316
234.0 -0.5472539081193152
235.0 -0.533231165641322
236.0 -0.5202669921550852
237.0 -0.5090887841843819
238.0 -0.49686701525300103
239.0 -0.4834888387068222
240.0 -0.46859002600187716
241.0 -0.45506359143396047
242.0 -0.44162988666679004
243.0 -0.4269979411799707
244.0 -0.4130904247085142
245.0 -0.3993926193696352
246.0 -0.38733638330361325
247.0 -0.3752756377376446
248.0 -0.36062019974301235
249.0 -0.3446829532448741
250.0 -0.33022245222765195
251.0 -0.31575488676373165
252.0 -0.30153028926198955
253.0 -0.2872152352180612
254.0 -0.2736234174884479
255.0 -0.2599084836257941
256.0 -0.2442505908239703
257.0 -0.22719254933877944
258.0 -0.2123711548601062
259.0 -0.1979508267470348
260.0 -0.18273561196763802
261.0 -0.16745375008966779
262.0 -0.15112159632772693
263.0 -0.13731522995072035
264.0 -0.12408959087488727
265.0 -0.1112442699671493
266.0 -0.09746938054329204
267.0 -0.08446407410099228
268.0 -0.06979860805556827
269.0 -0.05416554652448424
270.0 -0.03860281058200864
271.0 -0.02230503479466351
272.0 -0.005823204976685283
273.0 0.011322511925991935
274.0 0.027024333002135262
275.0 0.041291258024951615
276.0 0.05458949223816099
277.0 0.06709247076934727
278.0 0.07963799798776243
279.0 0.09344637042172345
280.0 0.10917856093594198
281.0 0.12484404397367642
282.0 0.14036181053986202
283.0 0.15651142892008957
284.0 0.17212543683648152
285.0 0.1860795033852818
286.0 0.20109783461991018
287.0 0.2150726893804043
288.0 0.23144401332655448
289.0 0.24956808594852564
290.0 0.2651640670664338
291.0 0.27744243868008334
292.0 0.28903108056551635
293.0 0.3013000699873625
294.0 0.31620426991494954
295.0 0.33098661703595467
296.0 0.3469723297344075
297.0 0.36297620198818975
298.0 0.3759140237410956
299.0 0.38877285567063474
300.0 0.3997309383471746
301.0 0.41020114950733283
302.0 0.41910081673361016
303.0 0.42743624839377325
304.0 0.4407394893541907
305.0 0.4553272229014892
306.0 0.4716729432503932
307.0 0.48883965109267685
308.0 0.5051028156875225
309.0 0.5193256711339406
310.0 0.5317747168364053
311.0 0.5405555923358402
312.0 0.549067930003516
313.0 0.5579707376054039
314.0 0.5684891834276146
315.0 0.579147902287663
316.0 0.5899206986198808
317.0 0.6008504751964527
318.0 0.611079398886139
319.0 0.6210937726327184
320.0 0.6299527000299108
321.0 0.6383975023317807
322.0 0.6452533687931576
323.0 0.6521765500416159
324.0 0.6609728630020915
325.0 0.6716531882042579
326.0 0.6837225340198175
327.0 0.696139157669461
328.0 0.7053327393888602
329.0 0.7144350771067108
330.0 0.7241290330759541
331.0 0.7325727521926176
332.0 0.7396848252430113
333.0 0.7472327037927403
334.0 0.7566320165141046
335.0 0.7664402202452358
336.0 0.7750515199979431
337.0 0.7821154539586883
338.0 0.784806233504217
339.0 0.7880470900379274
340.0 0.7925906647413226
341.0 0.7981021706108974
342.0 0.8036119074931349
343.0 0.8113975654580838
344.0 0.8214015010798706
345.0 0.8311818063425713
346.0 0.8377584384214792
347.0 0.8407537934146295
348.0 0.8457443887738227
349.0 0.8515481462060249
350.0 0.8558163104372658
351.0 0.8588051872557643
352.0 0.8652806456295268
353.0 0.8737315257386554
354.0 0.8776284956742342
355.0 0.8787031959626654
356.0 0.8801808445919042
357.0 0.8841658283084609
358.0 0.8916871953368151
359.0 0.8956788268065204
360.0 0.8977171375672754
361.0 0.900321639432198
362.0 0.9013859288809057
363.0 0.8993240639042418
364.0 0.8938252188574163
365.0 0.886267935455371
366.0 0.882190162054842
367.0 0.8815126008149247
368.0 0.8819957543320988
369.0 0.8814559795115248
370.0 0.8812039046819719
371.0 0.8801164406956067
372.0 0.8801552059043464
373.0 0.880392021702375
374.0 0.8773645444961614
375.0 0.8729149619977797
376.0 0.87043647279075
377.0 0.8653642513918838
378.0 0.8587341410104502
379.0 0.8530628344269264
380.0 0.8491587864418673
381.0 0.8466828298150847
382.0 0.8427273898072487
383.0 0.8395901930873306
384.0 0.8367635757056201
385.0 0.829254610101782
386.0 0.8220079062179575
387.0 0.8202280196077691
388.0 0.815106041285842
389.0 0.8076461253960049
390.0 0.7993956007979889
391.0 0.7919408799981035
392.0 0.7843272439065562
393.0 0.7765479264728652
394.0 0.7700365504834207
395.0 0.7643331532890865
396.0 0.7582921375701905
397.0 0.7530453313804778
398.0 0.7484924070688104
399.0 0.7427112432438671
400.0 0.7341802488845599
401.0 0.7249026611713345
402.0 0.71730215679863
403.0 0.7094635390483965
404.0 0.701582447105483
405.0 0.6934033411609274
406.0 0.6830166796170556
407.0 0.6739204588886508
408.0 0.6654727084021488
409.0 0.6582147732459137
410.0 0.6495938867138022
411.0 0.6376555435499208
412.0 0.6259807968460487
413.0 0.6135764875581453
414.0 0.6004210278633825
415.0 0.5887149073668989
416.0 0.5744142958354982
417.0 0.5608917373113221
418.0 0.5489880434689397
419.0 0.537086036755441
420.0 0.524068488510698
421.0 0.5105747145466459
422.0 0.4982384281925514
423.0 0.4846876562461221
424.0 0.4686220581552171
425.0 0.451246915310472
426.0 0.4345467305753421
427.0 0.41884600210687134
428.0 0.4041325845625858
429.0 0.3876078347123294
430.0 0.3724125819119814
431.0 0.3564322832547687
432.0 0.34015851064248087
433.0 0.3238586767548274
434.0 0.31006917886303675
435.0 0.29829252424317415
436.0 0.2855204107163977
437.0 0.2701893778719745
438.0 0.255166243805386
439.0 0.24173028242282546
440.0 0.22728230125522697
441.0 0.21266238686863348
442.0 0.19655908159944632
443.0 0.18103640951664657
444.0 0.16648917118261397
445.0 0.15325691792950483
446.0 0.1388083651126821
447.0 0.12162394743372379
448.0 0.10661042925902718
449.0 0.09259851405864226
450.0 0.07752891890534672
451.0 0.064413171175185
452.0 0.050980589735429745
453.0 0.033039318207664745
454.0 0.014410332553928163
455.0 -0.004361303450380303
456.0 -0.023528779334641522
457.0 -0.04057059973976968
458.0 -0.05556121529702978
459.0 -0.06966397505178476
460.0 -0.08631970957262214
461.0 -0.10305804127363709
462.0 -0.11704376084636126
463.0 -0.1324475780744762
464.0 -0.14895705770457277
465.0 -0.16294307725219423
466.0 -0.17698332753847798
467.0 -0.19429335151667898
468.0 -0.21175652012419768
469.0 -0.22938120691629713
470.0 -0.24551292838242278
471.0 -0.25882497619870626
472.0 -0.27216483383129286
473.0 -0.2882658541317453
474.0 -0.30600946196112017
475.0 -0.3231988278159807
476.0 -0.3398316351441674
477.0 -0.35813147268114404
478.0 -0.37740709628937197
479.0 -0.39471104065454266
480.0 -0.4116452664592902
481.0 -0.42655455847703067
482.0 -0.43908380687337817
483.0 -0.4509647121755873
484.0 -0.4646222595204889
485.0 -0.47961752898253546
486.0 -0.4937313662899539
487.0 -0.5075272715827
488.0 -0.5191366959760999
489.0 -0.5296856185528255
490.0 -0.5388596747299432
491.0 -0.5467958014914451
492.0 -0.5567149946743948
493.0 -0.5691673955970854
494.0 -0.5815633960325083
495.0 -0.592718481694087
496.0 -0.6033814429320252
497.0 -0.6150543144991225
498.0 -0.6282040026674738
499.0 -0.6406175674128787
500.0 -0.652456760893491
501.0 -0.6623808695836529
502.0 -0.6723100256815978
503.0 -0.6829395939290506
504.0 -0.6946787677227237
505.0 -0.7047641915621284
506.0 -0.7150970755382762
507.0 -0.7270007441493169
508.0 -0.738925524726437
509.0 -0.7536728929738566
510.0 -0.7688249319271214
511.0 -0.7826684661394622
512.0 -0.7949067499482686
513.0 -0.8031189781177158
514.0 -0.8086428400790626
515.0 -0.8139494950887051
516.0 -0.8209892555975655
517.0 -0.8295435073425967
518.0 -0.8387832166090631
519.0 -0.8478167042526137
520.0 -0.8584026831015974
521.0 -0.8649405820729857
522.0 -0.8688819490783204
523.0 -0.8712900289702462
524.0 -0.8732271879963909
525.0 -0.8776547596928637
526.0 -0.8834343914319511
527.0 -0.8877538149872876
528.0 -0.8907997214350423
529.0 -0.895828243681417
530.0 -0.900997222223986
531.0 -0.9046890899365818
532.0 -0.908720780467797
533.0 -0.9140578750843502
534.0 -0.9197201120228814
535.0 -0.9255057205439116
536.0 -0.9311624061542125
537.0 -0.9347934031442341
538.0 -0.9361507306903402
539.0 -0.9370380420910657
540.0 -0.938064012696948
541.0 -0.9375679689286094
542.0 -0.9341587642840533
543.0 -0.9319063036132137
544.0 -0.9331793714789337
545.0 -0.9355717025910854
546.0 -0.9370308418385036
547.0 -0.937089351762736
548.0 -0.9359709772316971
549.0 -0.9354013392786941
550.0 -0.9322488647147961
551.0 -0.9280656208128552
552.0 -0.9227507934907898
553.0 -0.9185411569618881
554.0 -0.9162934046568031
555.0 -0.9159998890294884
556.0 -0.9158191753491495
557.0 -0.916340011302975
558.0 -0.91670777230223
559.0 -0.9166126092459681
560.0 -0.9173886713084146
561.0 -0.9177887773416862
562.0 -0.9146543152737774
563.0 -0.9111575056862558
564.0 -0.9074776472708981
565.0 -0.9042681935209818
566.0 -0.9017252870869713
567.0 -0.8992306848207202
568.0 -0.8982252048229509
569.0 -0.8940279300893935
570.0 -0.888086278801364
571.0 -0.8839406604357898
572.0 -0.8778374125509629
573.0 -0.8686825846773567
574.0 -0.8609988359714998
575.0 -0.8548752644990201
576.0 -0.84732454562789
577.0 -0.8397183908223054
578.0 -0.8301686228720387
579.0 -0.8197384693421257
580.0 -0.8085919293735546
581.0 -0.7989667494855253
582.0 -0.7900100963408447
583.0 -0.7814900140982912
584.0 -0.7716698780909593
585.0 -0.7614085112487259
586.0 -0.7516504197322974
587.0 -0.7417401902153272
588.0 -0.7302733927228809
589.0 -0.7159275903645973
590.0 -0.7013288098545258
591.0 -0.6899970861068525
592.0 -0.6796874840986227
593.0 -0.6672121762674441
594.0 -0.6551144890060271
595.0 -0.6428409002787981
596.0 -0.628273343537618
597.0 -0.6154028650988126
598.0 -0.6021212263097436
599.0 -0.5903849020055899
600.0 -0.5811057382681883
601.0 -0.5703682061306864
602.0 -0.5575787753941254
603.0 -0.5438478365779518
604.0 -0.5317598981797041
605.0 -0.519170842468472
606.0 -0.505981671879109
607.0 -0.49374140714608405
608.0 -0.48022110912316884
609.0 -0.46482400427757825
610.0 -0.4504538987604175
611.0 -0.43900381508137354
612.0 -0.42619070960154287
613.0 -0.41278020056050285
614.0 -0.3975429199245012
615.0 -0.37907767155362493
616.0 -0.3612135066460693
617.0 -0.34580900201240894
618.0 -0.333750761791636
619.0 -0.32007262519527463
620.0 -0.3037878205596319
621.0 -0.2863827990313507
622.0 -0.27029736803559207
623.0 -0.25518619264710735
624.0 -0.23739774489578735
625.0 -0.21923151582262615
626.0 -0.2022892442089622
627.0 -0.1845239255007916
628.0 -0.1686923933464271
629.0 -0.1524582435500754
630.0 -0.13682667680004745
631.0 -0.12156525992164516
632.0 -0.10402098861728944
633.0 -0.08326633843434642
634.0 -0.06009752405421095
635.0 -0.03848465853177265
636.0 -0.01932383954379162
637.0 -6.850578834881909E-4
638.0 0.017886896232891435
639.0 0.03224670191218851
640.0 0.047056519383226046
641.0 0.06521358450150622
642.0 0.0832354075342316
643.0 0.09911936300560523
644.0 0.1169506325243247
645.0 0.13610866805309046
646.0 0.15256233179826517
647.0 0.1694658251708545
648.0 0.18532932182454215
649.0 0.20209451219116925
650.0 0.2202806435008719
651.0 0.23607990041870464
652.0 0.2502224824763218
653.0 0.26636208515010357
654.0 0.28024898077222454
655.0 0.29414613889139996
656.0 0.3097204398736369
657.0 0.3280020272576669
658.0 0.349697693810946
659.0 0.3686758986565788
660.0 0.38599497435220875
661.0 0.4008147021262435
662.0 0.41439500799936263
663.0 0.42567522376834166
664.0 0.43785759604198143
665.0 0.4491026860195587
666.0 0.46042651266616663
667.0 0.47292776249978535
668.0 0.48529356924042283
669.0 0.4990797208820496
670.0 0.5155436889063675
671.0 0.5324243733303267
672.0 0.5478426566072215
673.0 0.5608456827997162
674.0 0.5723060643506073
675.0 0.5862767192381685
676.0 0.6016043057441369
677.0 0.6179964791816683
678.0 0.6321373359591641
679.0 0.6445754794873608
680.0 0.6594360836546432
681.0 0.6755217114127471
682.0 0.6896933512203177
683.0 0.7062273580942114
684.0 0.7235790420203241
685.0 0.7370160949292307
686.0 0.749327729889532
687.0 0.7597147151922372
688.0 0.7681812712434687
689.0 0.7770138786778847
690.0 0.7855185788703206
691.0 0.793963386863618
692.0 0.8017528083243679
693.0 0.8072084217487594
694.0 0.8114289170617184
695.0 0.8157529543564623
696.0 0.822202999258395
697.0 0.8318446734436418
698.0 0.842167654715494
699.0 0.852747200250698
700.0 0.8626275482269717
701.0 0.8719924972953739
702.0 0.8805040617699763
703.0 0.8913571899813739
704.0 0.9028083419617625
705.0 0.913591076810649
706.0 0.9247882565818596
707.0 0.9327969725209821
708.0 0.9406434016977727
709.0 0.9489098496937892
710.0 0.956594098005162
711.0 0.964983933989413
712.0 0.9725573284006737
713.0 0.9788837372718473
714.0 0.9841680955347014
715.0 0.9853634398211641
716.0 0.9876209877705184
717.0 0.989911493202009
718.0 0.9904493106351091
719.0 0.9940785666930414
720.0 0.9978332783454053
721.0 0.9989502501094489
722.0 0.9995363190915646
723.0 0.9976497206830053
724.0 0.9988924361943989
725.0 1.0004687104228607
726.0 0.9990493341605589
727.0 0.995560242538268
728.0 0.996532389671638
729.0 0.9980662542413608
730.0 0.9962394620846888
731.0 0.9961668247984016
