1.0 0.7345294805594667
2.0 0.7311670786567375
3.0 0.7357393134757955
4.0 0.7193310213728388
5.0 0.7144733161398552
6.0 0.7334302424002561
7.0 0.7182853527166793
8.0 0.6955124098843622
9.0 0.7076366799965889
10.0 0.6892427349519165
11.0 0.6853460963332046
12.0 0.6792749291459772
13.0 0.6635665123442919
14.0 0.6513917493443288
15.0 0.6272115505485456
16.0 0.6230648664198544
17.0 0.6173475345987538
18.0 0.6173777518541919
19.0 0.5839169505687465
20.0 0.5703547276921075
21.0 0.5528501964686683
22.0 0.5296445067108863
23.0 0.5121882394694953
24.0 0.5061645495967577
25.0 0.48683587403599576
26.0 0.4849257059135985
27.0 0.45326468927202274
28.0 0.41288924876436967
29.0 0.4095557851366756
30.0 0.3862841622238705
31.0 0.3690505327677531
32.0 0.3581306190247484
33.0 0.33203702006761976
34.0 0.3136701228932457
35.0 0.2871709006592468
36.0 0.2562702162151405
37.0 0.23026654733709231
38.0 0.2121506005886493
39.0 0.19879193506846146
40.0 0.15996319985496055
41.0 0.13905845768902408
42.0 0.11230411682311305
43.0 0.0985930543950351
44.0 0.07625779199723023
45.0 0.05101651202172009
46.0 0.014699084532691312
47.0 0.003347050190714584
48.0 -0.017260221563094823
49.0 -0.04385216913260907
50.0 -0.06095174519330323
51.0 -0.08350950946212789
52.0 -0.1227631061545419
53.0 -0.15703641608947777
54.0 -0.16255902943967898
55.0 -0.20951568800040973
56.0 -0.21614303939241333
57.0 -0.2258433421876277
58.0 -0.2474425125206683
59.0 -0.2854163500205856
60.0 -0.30142038210074945
61.0 -0.3376758705095835
62.0 -0.35408242624652236
63.0 -0.39766336589899504
64.0 -0.3867582548004817
65.0 -0.39855347607857416
66.0 -0.43480448283895873
67.0 -0.43972700629344463
68.0 -0.4666757279130525
69.0 -0.4943008502648982
70.0 -0.4985559178567245
71.0 -0.5170054996800164
72.0 -0.5443302992568552
73.0 -0.5715607850312076
74.0 -0.5832480548808647
75.0 -0.6055861099401124
76.0 -0.6126459824368697
77.0 -0.6100366086454918
78.0 -0.6260645519223658
79.0 -0.6489803422771107
80.0 -0.6590219270647593
81.0 -0.6616895465270201
82.0 -0.6690814636342934
83.0 -0.6627086144093768
84.0 -0.687128169318594
85.0 -0.7035357146233774
86.0 -0.7032170443040674
87.0 -0.716183786685539
88.0 -0.7246501183578221
89.0 -0.7299774077299044
90.0 -0.7179407928617155
91.0 -0.7385628278708265
92.0 -0.728075023210882
93.0 -0.7355411312042445
94.0 -0.7376159291302107
95.0 -0.7296622611572899
96.0 -0.7245970863192356
97.0 -0.7267290281315079
98.0 -0.7395265782482484
99.0 -0.7366357197375575
100.0 -0.7200511382974847
101.0 -0.7064826350154692
102.0 -0.7104714465379063
103.0 -0.7091225158928742
104.0 -0.6985350816506655
105.0 -0.6824186894560172
106.0 -0.6751529319590742
107.0 -0.6707114472769569
108.0 -0.679193943040293
109.0 -0.6458935633751617
110.0 -0.6362572766990988
111.0 -0.6419059649749645
112.0 -0.6082021161381267
113.0 -0.5944247249261653
114.0 -0.5776264680282132
115.0 -0.5495616342012312
116.0 -0.534280707940011
117.0 -0.5319171145860835
118.0 -0.5098923775248999
119.0 -0.4752044022535598
120.0 -0.4861595868243242
121.0 -0.4403643632079434
122.0 -0.42638106262149783
123.0 -0.4203450913011875
124.0 -0.4025790984890997
125.0 -0.38288107303138047
126.0 -0.35807584091387246
127.0 -0.33502175350425195
128.0 -0.31103781093003174
129.0 -0.2876313113836868
130.0 -0.2662234691050531
131.0 -0.24697732538772083
132.0 -0.21289298876953408
133.0 -0.2092912944636095
134.0 -0.18067123333039203
135.0 -0.1563232420589642
136.0 -0.12432925567169752
137.0 -0.0884449169522609
138.0 -0.061293128718169346
139.0 -0.03122490531305433
140.0 -0.025914820277825486
141.0 -0.009602091490727237
142.0 0.001013860306458734
143.0 0.031060517847118628
144.0 0.07249338822595551
145.0 0.07678837939565439
146.0 0.10726988655343057
147.0 0.14005952393847265
148.0 0.14862496201156702
149.0 0.1918125816000173
150.0 0.22473532062635487
151.0 0.2366407876986602
152.0 0.2522329965419924
153.0 0.25634903680362936
154.0 0.30742051263275344
155.0 0.32139129930596466
156.0 0.35773423219495387
157.0 0.3581483088410544
158.0 0.38191207907348507
159.0 0.3837776738681872
160.0 0.4191372605402308
161.0 0.4394526160813091
162.0 0.4693201310634979
163.0 0.49535038726509345
164.0 0.49929961799507555
165.0 0.5407349098880393
166.0 0.5458587137804082
167.0 0.5411789162662598
168.0 0.5761160334658948
169.0 0.5730217528682535
170.0 0.5938109953341413
171.0 0.6185241454188498
172.0 0.6087387031911751
173.0 0.6381616088801809
174.0 0.646406581200543
175.0 0.6551431862466384
176.0 0.6770766639886716
177.0 0.6905433833426357
178.0 0.6786645483519829
179.0 0.6978187102161256
180.0 0.6998720269488553
181.0 0.7334645761522293
182.0 0.7237187938184723
183.0 0.7271931585560841
184.0 0.7252896579878073
185.0 0.7098861660551473
186.0 0.7407515358194491
187.0 0.7491414094665325
188.0 0.7440852729075893
189.0 0.7379443789285927
190.0 0.7374599119988982
191.0 0.7126693388648802
192.0 0.7141054215772635
193.0 0.7310006524321789
194.0 0.7205786159132148
195.0 0.7103809268702782
196.0 0.7123070093228476
197.0 0.7153414977633393
198.0 0.6886161198405227
199.0 0.6900595020852556
200.0 0.6801734483086068
201.0 0.6686900900858382
202.0 0.660949568442577
203.0 0.6642831852798051
204.0 0.6225084082356585
205.0 0.6345555836524139
206.0 0.6179219307404378
207.0 0.5973485752972485
208.0 0.5891634707021535
209.0 0.574181932769054
210.0 0.5450225373619064
211.0 0.5360738871489459
212.0 0.5036611380553384
213.0 0.5050160285460117
214.0 0.5062675792275313
215.0 0.46551270131699707
216.0 0.473233028216221
217.0 0.4006633690617871
218.0 0.4115320180406813
219.0 0.39085348684681853
220.0 0.37499844659164505
221.0 0.3631186937357682
222.0 0.34251370183924096
223.0 0.30922212870038535
224.0 0.2743718609006254
