1.0 0.7075521512748281
2.0 0.7226415473875322
3.0 0.7146838720902957
4.0 0.699768854570614
5.0 0.7073687058492253
6.0 0.6878524795186953
7.0 0.7030750553807618
8.0 0.6848908015023367
9.0 0.6855081287693828
10.0 0.6800892382068107
11.0 0.6715409763932584
12.0 0.6629485054740215
13.0 0.6480911701291646
14.0 0.6384645507460943
15.0 0.6343985599497356
16.0 0.6285156277959395
17.0 0.6155025874317088
18.0 0.5867766964469247
19.0 0.5693699087245405
20.0 0.577362552382903
21.0 0.5606718735944547
22.0 0.5352434086053455
23.0 0.5192321718542918
24.0 0.5123867727302417
25.0 0.5014907410178391
26.0 0.46275938309146264
27.0 0.45569945251738697
28.0 0.4286665120020175
29.0 0.4183921296842951
30.0 0.412820587237497
31.0 0.38118160556063463
32.0 0.35957232549708096
33.0 0.3394034661262536
34.0 0.31975150309520617
35.0 0.3045233088649776
36.0 0.2769565454817317
37.0 0.26048004357342647
38.0 0.21752277589004207
39.0 0.2033382556564673
40.0 0.17461080604534712
41.0 0.16006186348049675
42.0 0.1409497572189183
43.0 0.11779400407225699
44.0 0.09041305022579846
45.0 0.06399912486986792
46.0 0.039541001398666786
47.0 0.00560697373594359
48.0 -0.016022978236708667
49.0 -0.03005879058148211
50.0 -0.04612651551269022
51.0 -0.08658711343503078
52.0 -0.09666228626637215
53.0 -0.14633674614113495
54.0 -0.16657250896925782
55.0 -0.17999331371983926
56.0 -0.20099142325831337
57.0 -0.2280068041396568
58.0 -0.25154010073118366
59.0 -0.2846252732233845
60.0 -0.3052093652212601
61.0 -0.33191551335436437
62.0 -0.34074141812326636
63.0 -0.35854247411726514
64.0 -0.39471219555275816
65.0 -0.41066608904941193
66.0 -0.4302224696902661
67.0 -0.44234331391042175
68.0 -0.4730033927570899
69.0 -0.4968282915798677
70.0 -0.5120373701392378
71.0 -0.5219959240310578
72.0 -0.539330999123233
73.0 -0.5640908047978285
74.0 -0.5753171861731041
75.0 -0.5931811470625042
76.0 -0.6206343913656792
77.0 -0.6259322939905938
78.0 -0.6431624631265777
79.0 -0.6356970162839934
80.0 -0.6585936707153877
81.0 -0.6749685219234061
82.0 -0.6773247107892794
83.0 -0.6855390090292564
84.0 -0.71306641639794
85.0 -0.7040304661840019
86.0 -0.7191969807924691
87.0 -0.720333232560806
88.0 -0.7329711524787585
89.0 -0.7632892341259514
90.0 -0.7526722425183346
91.0 -0.7478104512538242
92.0 -0.7534767744497718
93.0 -0.7489701612291609
94.0 -0.7672258892809412
95.0 -0.7384289066859003
96.0 -0.7547608461479188
97.0 -0.7444546922978734
98.0 -0.7488647585587466
99.0 -0.75667883917824
100.0 -0.7503172573851109
101.0 -0.7434563303532489
102.0 -0.7351040956235811
103.0 -0.7361990941101972
104.0 -0.7161987494382867
105.0 -0.7271345902155152
106.0 -0.7077162153192569
107.0 -0.7106764399300357
108.0 -0.6751064003661881
109.0 -0.6786700052439019
110.0 -0.6593113018760043
111.0 -0.6521567899059544
112.0 -0.6352928033055566
113.0 -0.628878745244019
114.0 -0.6138988161100604
115.0 -0.5976733116384688
116.0 -0.5859024336121386
117.0 -0.5630846898587297
118.0 -0.5473235649346773
119.0 -0.5315443725727385
120.0 -0.5213452114632002
121.0 -0.49789189010975937
122.0 -0.4647950143830566
123.0 -0.4503777678286745
124.0 -0.432754914237795
125.0 -0.40342538638182207
126.0 -0.39629518927578683
127.0 -0.37997107367784877
128.0 -0.34263255003673343
129.0 -0.32234007381862617
130.0 -0.29361510997801393
131.0 -0.2652119930212858
132.0 -0.24029341329589557
133.0 -0.2260882309621339
134.0 -0.1974931662624539
135.0 -0.17339209843967046
136.0 -0.16268712416722658
137.0 -0.1230833945300608
138.0 -0.11887246972178571
139.0 -0.06571824253642444
140.0 -0.05706179568926699
141.0 -0.027242932975554905
142.0 0.008693953951211853
143.0 0.018405305406329266
144.0 0.05231712645714064
145.0 0.0942052870321686
146.0 0.10353101108675775
147.0 0.1523256031139332
148.0 0.14927801939224591
149.0 0.17926541237798624
150.0 0.2047440453635025
151.0 0.22515814722246005
152.0 0.2622745546293072
153.0 0.2822523508105313
154.0 0.33289624783069377
155.0 0.3474336766894902
156.0 0.3632125717593964
157.0 0.3872933559009258
158.0 0.402565697136929
159.0 0.4384720449816278
160.0 0.443789325652992
161.0 0.4724101374628195
162.0 0.4876786667638307
163.0 0.5125630136739978
164.0 0.5325147076976633
165.0 0.5536147091240228
166.0 0.5763220544290504
167.0 0.5894810553260484
168.0 0.6121275359981002
169.0 0.6201185480040798
170.0 0.6399173053184799
171.0 0.6672462812136686
172.0 0.6622845459424993
173.0 0.6954117196820838
174.0 0.7149024655016146
175.0 0.7107051441876707
176.0 0.7310458198012098
177.0 0.7408339175200681
178.0 0.7466702911354854
179.0 0.7705644104683891
180.0 0.764608803653773
181.0 0.7872271760321742
182.0 0.7718998969907173
183.0 0.7866657930449863
184.0 0.7976289089358879
185.0 0.7851681414630138
186.0 0.787082002882243
187.0 0.7878958356441185
188.0 0.8081106623640928
189.0 0.8007923001293384
190.0 0.8026741554114352
191.0 0.8133270881274973
192.0 0.7967045435094369
193.0 0.8015837818570926
194.0 0.7999469954369695
195.0 0.7931851788307549
196.0 0.8057125379872507
197.0 0.7934579118656078
198.0 0.771540448161805
199.0 0.7695114356935524
200.0 0.7470025046131857
201.0 0.7400660418511226
202.0 0.736806682770563
203.0 0.7209690487257978
204.0 0.7158886877355715
205.0 0.6959085341742864
206.0 0.6782840815221338
207.0 0.6837769584821177
208.0 0.6416500033974702
209.0 0.6428833408179919
210.0 0.6331573531849383
211.0 0.5977558468877344
212.0 0.589321220533466
213.0 0.5621349818209753
214.0 0.5501985842108285
215.0 0.5215726357439375
216.0 0.5134994283489428
217.0 0.49548071038827746
218.0 0.48066893652273174
219.0 0.4417318478029426
220.0 0.4409754013328108
221.0 0.3983909788133213
222.0 0.3969550430645927
223.0 0.35307030606368806
224.0 0.3326164095412249
225.0 0.298813212948092
226.0 0.2810400396549626
227.0 0.27239623567403715
228.0 0.22018850253147804
229.0 0.19983152713257132
230.0 0.17682813034450795
231.0 0.14516616185411627
232.0 0.10816518213939232
233.0 0.08532616754876328
234.0 0.0663388052080837
235.0 0.01702820715191817
236.0 0.011401312736377829
237.0 -0.017584526742450902
238.0 -0.05092165048452113
239.0 -0.06871051042538953
240.0 -0.09663448787735869
241.0 -0.14328149047522318
242.0 -0.15253420879080465
243.0 -0.187473978744788
244.0 -0.23269996494778822
245.0 -0.2583673124489187
246.0 -0.2763462129583362
247.0 -0.2858859181487233
248.0 -0.32247464654229224
249.0 -0.3425696231903028
250.0 -0.3725075350712328
251.0 -0.3910894192139406
252.0 -0.424006366407826
253.0 -0.4395527103213093
254.0 -0.46924426559972193
255.0 -0.5021405517179409
256.0 -0.5092921970621878
257.0 -0.5451907837341584
258.0 -0.5478285922437297
259.0 -0.5790696375095152
260.0 -0.6028551628159747
261.0 -0.6121485246850125
262.0 -0.6433052927141465
263.0 -0.667771945954089
264.0 -0.6773607297665062
265.0 -0.6997351851749894
266.0 -0.7105388019748267
267.0 -0.7273765024582983
268.0 -0.7383314299409965
269.0 -0.7608738180724206
270.0 -0.7697565990544618
271.0 -0.7753644430575034
272.0 -0.7883157969259312
273.0 -0.7874056997758411
274.0 -0.8284124105965673
275.0 -0.8157129205778244
276.0 -0.8246666472673414
277.0 -0.8349106882854193
278.0 -0.8405373244776841
279.0 -0.8400524803135897
280.0 -0.8548229261669612
281.0 -0.8362970531964348
282.0 -0.8488427444019776
283.0 -0.8394373841661888
284.0 -0.8592102644950534
285.0 -0.8332187780733841
286.0 -0.8436582976482789
287.0 -0.8593777047065468
288.0 -0.8449871677840615
289.0 -0.8349771284863959
290.0 -0.8431880878852642
291.0 -0.8421093222144189
292.0 -0.8040253645032666
293.0 -0.818407438835331
294.0 -0.8018641226050935
295.0 -0.789245535015198
296.0 -0.7825355512591262
297.0 -0.7695929218562716
298.0 -0.7661736557184947
299.0 -0.7547980625287232
300.0 -0.7444268752540409
301.0 -0.7190740241003781
302.0 -0.7006790194490482
303.0 -0.7028584301951893
304.0 -0.6851410920662655
305.0 -0.6519869208534855
306.0 -0.6376778082087516
307.0 -0.611170319262545
308.0 -0.6157255391868183
309.0 -0.5757969313682487
310.0 -0.553897079509793
311.0 -0.5549389879754763
312.0 -0.5240207290904599
313.0 -0.4829663470304019
314.0 -0.4812906665034872
315.0 -0.4312001505955201
316.0 -0.4027819663391707
317.0 -0.403351880419873
318.0 -0.36990420568961757
319.0 -0.34880948980174636
320.0 -0.3148786012241369
321.0 -0.27304755733437197
322.0 -0.24088265530392866
323.0 -0.22490092106827664
324.0 -0.1949795388968727
325.0 -0.15099019990087856
326.0 -0.15289401364848657
327.0 -0.10077110281599116
328.0 -0.06551678197841075
329.0 -0.05510020797679534
330.0 -0.01843550977938911
331.0 0.0258154819192828
332.0 0.03048896531212111
333.0 0.07061655475955922
334.0 0.08438839578575369
335.0 0.13674184656638383
336.0 0.14478752163669487
337.0 0.19271339213430713
338.0 0.2070664325675993
339.0 0.24090614846988784
340.0 0.28066134561982053
341.0 0.29589874964685625
342.0 0.3317997916883757
343.0 0.36355759371801816
344.0 0.4073463597575503
345.0 0.412639012451832
346.0 0.4459355900039725
347.0 0.46021243268694956
348.0 0.5008141375568017
349.0 0.5180661343330308
350.0 0.535774030869908
351.0 0.5820075289857001
352.0 0.6339065593435077
353.0 0.6088266990585987
354.0 0.6376635914880978
355.0 0.6610715404835079
356.0 0.6783695025047589
357.0 0.705276634530297
358.0 0.7228388073701176
359.0 0.7410421243970826
360.0 0.7394847283074383
361.0 0.7684542537390814
362.0 0.796327080893276
363.0 0.80752208922875
364.0 0.8343778915112259
365.0 0.8428358439689585
366.0 0.8535772823144981
367.0 0.8588181751280713
368.0 0.8635276195785665
369.0 0.869703746481724
370.0 0.8799587814925852
371.0 0.883234047083617
372.0 0.9108247646573575
373.0 0.9155507152204811
374.0 0.9099613403362725
375.0 0.9206255319854939
376.0 0.9208006836892069
377.0 0.9081578719862397
378.0 0.9157548482079129
379.0 0.9296517733105466
380.0 0.9125142957779978
381.0 0.9094689837847801
382.0 0.9027705103172986
383.0 0.9077704200134101
384.0 0.8954339339455298
385.0 0.8988809428428123
386.0 0.8937568316400358
387.0 0.8683734097130409
388.0 0.8546911202520986
389.0 0.8709931302479187
390.0 0.8280143981815413
391.0 0.8376888120272128
392.0 0.8221594946472635
393.0 0.8298681907058705
394.0 0.8027472159418632
395.0 0.8020801705910628
396.0 0.7639183946921665
397.0 0.7502323872953935
398.0 0.7218642068341496
399.0 0.6824899107011194
